10
10
4.244843723099478
-0.7509450338563606
0.8653569958321776
-0.20640510394228587
-1.9263143199658828
1.4549301859878296
-0.7803835879921045
-0.0031712564612418597
0.615976583170888
0.03873496121723285
-0.7509450338563605
6.623226035577483
-0.7380715985896451
-0.6108787192218864
0.10267110845823853
0.22201287375375933
1.4527170901456465
-0.10834349508429007
-0.8259065977475477
-0.7082557918397815
0.8653569958321775
-0.738071598589645
4.782312128221955
-1.5933967497657375
-0.7604145227140356
-0.22625221913413499
-0.5217764613158733
-1.4119060345062875
-0.07503149323737672
0.2699544802796005
-0.20640510394228587
-0.6108787192218864
-1.5933967497657378
4.177983113872415
-1.1723577277201
0.5885744384172439
-1.9302296326473427
0.6480098052804679
-0.37970687886441207
-0.720952967283825
-1.9263143199658828
0.1026711084582385
-0.7604145227140356
-1.1723577277201
4.593104450456868
0.044502124254997534
0.13072151317955438
0.2436338395695063
0.9824113492970168
0.1842478144860134
1.4549301859878296
0.22201287375375947
-0.22625221913413515
0.5885744384172436
0.044502124254997555
6.572600395045813
0.9824948280714223
-1.2253106469023303
0.6054516480997052
1.3481354481416299
-0.7803835879921045
1.4527170901456468
-0.5217764613158734
-1.9302296326473427
0.1307215131795544
0.9824948280714222
7.317630051272123
-0.6840505827485156
-0.3187218698988378
0.5083857044110669
-0.0031712564612418667
-0.1083434950842901
-1.4119060345062875
0.6480098052804679
0.24363383956950635
-1.2253106469023303
-0.6840505827485155
3.9526084773739703
1.0949609934201718
-1.1298813586342187
0.6159765831708879
-0.8259065977475477
-0.0750314932373766
-0.37970687886441207
0.9824113492970168
0.6054516480997051
-0.3187218698988377
1.094960993420172
7.1268155394623705
0.06363315038309264
0.038734961217232765
-0.7082557918397814
0.2699544802796007
-0.720952967283825
0.1842478144860134
1.3481354481416299
0.508385704411067
-1.1298813586342185
0.06363315038309277
5.608876085617528
end